[0m[38;2;40;44;56m.[38;2;40;44;56m.[38;2;40;44;56m.[38;2;38;42;54m.[38;2;39;41;53m..[38;2;39;41;53m.[38;2;38;40;52m.[38;2;37;39;52m.[38;2;37;39;52m.[38;2;37;39;52m.[38;2;40;40;52m.[38;2;40;40;52m.[38;2;40;40;52m.[38;2;39;39;51m.[38;2;39;39;51m.[38;2;38;38;50m.[38;2;40;41;54m.[38;2;60;60;78m.[38;2;64;66;84m'[38;2;62;66;83m'[38;2;62;65;82m'[38;2;63;64;82m'[38;2;48;51;65m.[38;2;40;43;57m.[38;2;54;55;73m.[38;2;55;57;73m.[38;2;40;42;55m.[38;2;29;29;40m.[38;2;27;27;39m [38;2;27;27;39m [38;2;27;27;39m [38;2;26;26;38m  [38;2;26;26;38m [38;2;24;24;35m [38;2;23;26;32m [38;2;23;24;31m [38;2;21;25;29m [38;2;23;23;31m [38;2;22;24;31m [38;2;19;22;27m [38;2;18;21;26m [38;2;20;20;28m [38;2;20;20;28m [38;2;20;19;29m [38;2;19;18;28m [38;2;18;18;28m [38;2;18;18;28m [38;2;18;18;28m [38;2;16;16;26m [38;2;16;16;26m [38;2;15;15;24m [38;2;15;15;23m [38;2;15;16;22m [38;2;15;16;20m [38;2;15;15;19m [38;2;15;14;19m   [0m
[0m[38;2;42;45;57m.[38;2;41;45;57m.[38;2;41;45;57m.[38;2;40;44;56m.[38;2;40;43;56m.[38;2;40;43;55m.[38;2;40;43;55m.[38;2;40;42;55m.[38;2;39;42;54m.[38;2;39;41;54m.[38;2;39;42;54m.[38;2;39;41;54m.[38;2;39;41;54m.[38;2;38;41;53m.[38;2;40;41;52m.[38;2;41;41;53m.[38;2;50;51;65m.[38;2;61;62;78m.[38;2;62;64;82m'[38;2;64;66;83m'[38;2;64;65;83m'[38;2;63;64;82m'[38;2;51;53;69m.[38;2;48;49;65m.[38;2;56;58;74m.[38;2;57;58;76m.[38;2;52;54;69m.[38;2;38;41;53m.[38;2;29;29;39m.[38;2;27;27;39m [38;2;27;27;39m [38;2;26;26;38m [38;2;26;26;38m [38;2;26;26;38m [38;2;26;26;37m [38;2;25;26;36m [38;2;21;24;31m [38;2;22;24;31m [38;2;22;24;30m [38;2;23;23;31m [38;2;23;23;31m [38;2;21;22;29m [38;2;19;22;27m [38;2;19;21;28m [38;2;20;21;29m [38;2;21;21;29m [38;2;21;20;30m [38;2;21;20;30m [38;2;20;20;29m [38;2;19;19;29m [38;2;18;19;28m [38;2;19;19;26m [38;2;18;18;24m [38;2;18;18;23m [38;2;17;17;22m [38;2;18;18;22m [38;2;18;17;22m [38;2;17;17;21m [38;2;17;17;21m [38;2;17;16;20m [0m
[0m[38;2;44;46;59m.[38;2;44;46;59m.[38;2;44;46;59m.[38;2;43;45;58m.[38;2;43;45;58m.[38;2;41;45;57m.[38;2;41;45;57m.[38;2;41;45;57m.[38;2;41;45;57m.[38;2;40;45;57m.[38;2;40;45;57m.[38;2;41;45;57m.[38;2;40;44;56m.[38;2;39;44;56m.[38;2;43;45;57m.[38;2;58;61;76m.[38;2;63;64;82m'[38;2;60;62;79m.[38;2;62;66;83m'[38;2;62;65;83m'[38;2;63;64;81m'[38;2;55;57;73m.[38;2;43;45;60m.[38;2;57;58;75m.[38;2;58;59;77m.[38;2;57;58;76m.[38;2;51;53;66m.[38;2;33;37;48m.[38;2;28;28;38m.[38;2;27;27;39m [38;2;26;26;38m [38;2;26;26;38m  [38;2;26;26;38m [38;2;25;26;37m [38;2;24;27;34m [38;2;22;24;31m [38;2;22;24;30m [38;2;21;24;29m [38;2;23;23;31m [38;2;23;23;31m [38;2;19;22;28m [38;2;19;22;27m [38;2;19;22;27m [38;2;20;22;28m [38;2;23;23;31m [38;2;23;23;31m [38;2;23;23;31m [38;2;23;23;31m [38;2;23;23;31m [38;2;23;23;31m [38;2;22;22;29m [38;2;22;21;27m [38;2;21;21;26m [38;2;21;21;25m [38;2;21;21;23m [38;2;20;20;25m [38;2;20;19;25m [38;2;20;20;24m [38;2;18;20;23m [0m
[0m[38;2;44;46;59m.[38;2;44;46;59m.[38;2;44;46;59m.[38;2;43;45;58m.[38;2;42;45;58m.[38;2;41;45;57m.[38;2;41;45;57m.[38;2;41;44;57m.[38;2;41;45;57m.[38;2;41;45;57m.[38;2;41;45;57m.[38;2;41;45;57m.[38;2;40;44;56m.[38;2;42;46;58m.[38;2;60;62;79m.[38;2;63;65;83m'[38;2;58;61;78m.[38;2;63;65;83m'[38;2;63;64;82m'[38;2;62;64;81m'[38;2;62;64;79m'[38;2;41;43;57m.[38;2;55;56;74m.[38;2;58;59;77m.[38;2;57;59;76m.[38;2;54;56;71m.[38;2;49;51;64m.[38;2;36;37;49m.[38;2;27;28;39m [38;2;27;27;39m [38;2;26;26;38m   [38;2;26;26;38m [38;2;26;26;36m [38;2;24;24;32m [38;2;23;23;31m [38;2;23;23;31m   [38;2;22;22;31m [38;2;19;22;28m [38;2;19;22;28m [38;2;19;21;28m [38;2;18;21;28m [38;2;20;22;29m [38;2;23;23;31m [38;2;23;23;31m   [38;2;23;23;30m [38;2;22;22;29m [38;2;22;21;28m [38;2;22;21;27m [38;2;22;21;27m [38;2;21;20;26m [38;2;21;20;26m [38;2;21;20;25m [38;2;20;20;23m [38;2;20;20;24m [0m
[0m[38;2;41;45;57m.[38;2;41;44;57m.[38;2;41;44;57m.[38;2;41;44;57m.[38;2;40;44;56m.[38;2;40;43;56m.[38;2;42;42;56m.[38;2;40;43;55m.[38;2;39;43;55m.[38;2;40;42;55m.[38;2;39;43;55m.[38;2;39;43;55m.[38;2;39;42;54m.[38;2;55;59;73m.[38;2;63;65;83m'[38;2;59;61;79m.[38;2;62;63;81m'[38;2;63;64;82m'[38;2;63;64;80m'[38;2;61;63;79m'[38;2;56;58;72m.[38;2;38;39;51m.[38;2;54;55;70m.[38;2;54;56;71m.[38;2;56;57;71m.[38;2;51;53;66m.[38;2;47;49;61m.[38;2;38;37;49m.[38;2;29;28;39m.[38;2;26;26;38m [38;2;26;26;38m [38;2;26;26;37m [38;2;26;26;35m [38;2;26;26;36m [38;2;25;25;35m [38;2;24;24;32m [38;2;23;23;31m [38;2;23;23;31m [38;2;23;23;31m [38;2;23;23;31m [38;2;23;22;30m [38;2;21;20;28m [38;2;21;20;28m [38;2;21;20;29m [38;2;20;20;28m [38;2;20;20;27m [38;2;22;21;28m [38;2;22;21;28m [38;2;22;21;29m [38;2;22;21;29m [38;2;22;21;29m [38;2;21;21;29m [38;2;20;20;29m [38;2;19;19;26m [38;2;19;20;25m [38;2;19;19;23m [38;2;19;19;24m [38;2;19;19;24m [38;2;18;18;22m [38;2;18;17;22m [0m
[0m[38;2;44;46;59m.[38;2;44;45;58m.[38;2;44;45;58m.[38;2;43;45;58m.[38;2;43;46;58m.[38;2;44;45;57m.[38;2;45;45;55m.[38;2;44;45;55m.[38;2;42;45;54m.[38;2;42;43;56m.[38;2;43;44;55m.[38;2;42;44;54m.[38;2;49;50;63m.[38;2;61;65;81m'[38;2;62;64;82m'[38;2;58;60;77m.[38;2;62;64;80m'[38;2;62;64;79m'[38;2;61;63;78m'[38;2;61;61;77m.[38;2;57;56;69m.[38;2;43;43;54m.[38;2;53;53;66m.[38;2;52;53;66m.[38;2;56;56;69m.[38;2;53;53;65m.[38;2;50;50;61m.[38;2;39;38;49m.[38;2;29;28;38m.[38;2;28;27;36m [38;2;27;27;36m [38;2;26;26;35m [38;2;26;26;34m [38;2;26;25;34m [38;2;26;25;35m [38;2;25;24;32m [38;2;23;23;31m [38;2;38;35;44m.[38;2;52;50;58m.[38;2;23;22;31m [38;2;23;22;30m [38;2;22;21;29m [38;2;21;20;28m [38;2;21;20;28m [38;2;21;20;29m [38;2;20;19;29m [38;2;21;20;29m [38;2;25;25;33m [38;2;25;25;32m [38;2;25;25;32m [38;2;25;24;31m [38;2;25;24;30m [38;2;24;24;29m [38;2;24;23;29m [38;2;24;23;28m [38;2;24;23;28m [38;2;23;22;28m [38;2;23;22;27m [38;2;22;22;27m [38;2;22;22;27m [0m
[0m[38;2;39;43;55m.[38;2;39;43;54m.[38;2;41;43;55m.[38;2;40;42;54m.[38;2;39;42;54m.[38;2;39;42;53m.[38;2;39;41;53m.[38;2;38;40;52m.[38;2;38;41;52m.[38;2;40;40;52m.[38;2;40;40;51m.[38;2;39;39;51m.[38;2;55;57;71m.[38;2;62;64;81m'[38;2;58;61;76m.[38;2;61;62;76m.[38;2;62;63;77m'[38;2;61;62;76m.[38;2;60;61;75m.[38;2;59;60;74m.[38;2;75;71;81m'[38;2;73;69;79m'[38;2;57;55;67m.[38;2;51;50;62m.[38;2;55;53;66m.[38;2;57;55;68m.[38;2;52;52;64m.[38;2;44;44;54m.[38;2;31;31;39m.[38;2;30;28;37m.[38;2;29;28;36m.[38;2;29;27;35m [38;2;37;32;42m.[38;2;34;28;38m.[38;2;45;39;50m.[38;2;43;35;46m.[38;2;51;43;54m.[38;2;78;68;79m'[38;2;73;64;74m'[38;2;29;22;32m [38;2;26;21;30m [38;2;23;21;30m [38;2;21;19;29m [38;2;21;18;29m [38;2;21;18;29m [38;2;20;18;29m [38;2;20;18;29m [38;2;19;18;28m [38;2;20;19;28m [38;2;19;18;27m [38;2;18;18;27m [38;2;18;18;25m [38;2;17;17;25m [38;2;17;17;24m [38;2;17;17;24m [38;2;17;17;23m [38;2;16;17;22m [38;2;15;17;22m [38;2;16;16;22m [38;2;16;16;21m [0m
[0m[38;2;42;45;57m.[38;2;42;46;58m.[38;2;43;45;58m.[38;2;42;45;58m.[38;2;43;45;58m.[38;2;43;44;57m.[38;2;42;44;56m.[38;2;41;43;56m.[38;2;42;44;55m.[38;2;43;43;53m.[38;2;44;44;54m.[38;2;44;44;56m.[38;2;61;62;76m.[38;2;62;63;77m'[38;2;58;59;73m.[38;2;62;62;76m'[38;2;63;62;75m'[38;2;63;61;75m.[38;2;63;60;74m.[38;2;59;57;71m.[38;2;86;77;88m,[38;2;95;81;94m,[38;2;91;78;90m,[38;2;82;69;81m'[38;2;74;63;74m'[38;2;72;63;74m'[38;2;67;60;69m.[38;2;70;62;72m'[38;2;69;61;70m'[38;2;66;58;67m.[38;2;70;59;70m.[38;2;79;68;80m'[38;2;79;67;79m'[38;2;70;58;70m.[38;2;65;53;64m.[38;2;64;50;61m.[38;2;65;51;62m.[38;2;72;57;69m.[38;2;75;63;73m'[38;2;40;27;38m.[38;2;33;21;33m [38;2;30;20;31m [38;2;28;18;29m [38;2;26;18;29m [38;2;23;18;28m [38;2;21;17;27m [38;2;20;18;27m [38;2;21;20;28m [38;2;23;23;31m [38;2;23;22;30m [38;2;22;21;29m [38;2;23;22;30m [38;2;23;22;28m [38;2;23;22;29m [38;2;22;22;30m [38;2;23;22;27m [38;2;22;21;26m [38;2;22;21;26m [38;2;22;21;26m [38;2;22;21;25m [0m
[0m[38;2;44;45;57m.[38;2;47;46;58m.[38;2;49;47;57m.[38;2;48;47;55m.[38;2;48;46;55m.[38;2;47;45;56m.[38;2;46;44;57m.[38;2;46;44;56m.[38;2;47;43;56m.[38;2;47;43;55m.[38;2;49;44;56m.[38;2;54;47;61m.[38;2;67;60;74m.[38;2;71;62;78m'[38;2;68;57;72m.[38;2;76;60;77m'[38;2;83;60;79m'[38;2;90;60;78m'[38;2;98;59;80m'[38;2;103;56;77m'[38;2;96;41;58m.[38;2;103;31;49m.[38;2;155;28;49m'[38;2;165;30;50m'[38;2;114;41;57m'[38;2;92;48;62m.[38;2;109;71;84m,[38;2;107;75;89m,[38;2;118;90;104m:[38;2;121;95;108m:[38;2;114;88;101m;[38;2;106;80;93m;[38;2;103;72;85m,[38;2;83;49;62m.[38;2;74;25;38m.[38;2;156;16;36m.[38;2;185;16;37m'[38;2;112;25;43m.[38;2;63;24;36m.[38;2;54;23;34m.[38;2;48;22;32m.[38;2;43;22;32m.[38;2;37;21;31m [38;2;33;21;29m [38;2;30;20;29m [38;2;29;19;28m [38;2;27;18;26m [38;2;24;20;26m [38;2;25;24;30m [38;2;25;24;29m [38;2;23;22;28m [38;2;23;22;30m [38;2;23;24;29m [38;2;23;23;27m [38;2;24;23;27m [38;2;23;22;28m [38;2;23;22;28m [38;2;22;21;27m [38;2;22;21;26m [38;2;22;21;26m [0m
[0m[38;2;42;46;57m.[38;2;44;46;58m.[38;2;46;46;57m.[38;2;46;46;56m.[38;2;46;45;57m.[38;2;45;45;56m.[38;2;45;44;57m.[38;2;45;44;56m.[38;2;46;43;55m.[38;2;45;42;54m.[38;2;47;44;56m.[38;2;54;51;63m.[38;2;61;58;72m.[38;2;65;61;75m'[38;2;60;54;68m.[38;2;69;60;76m'[38;2;72;61;76m'[38;2;77;60;76m'[38;2;83;59;77m'[38;2;84;58;72m'[38;2;97;64;75m'[38;2;132;82;95m:[38;2;192;109;123mo[38;2;202;117;131mo[38;2;185;133;148md[38;2;158;127;141mo[38;2;166;139;151md[38;2;169;147;158md[38;2;207;193;202m0[38;2;208;193;204m0[38;2;143;124;136ml[38;2;113;93;105m:[38;2;110;87;99m;[38;2;113;90;101m;[38;2;107;75;86m,[38;2;119;65;79m,[38;2;122;60;75m,[38;2;94;54;68m'[38;2;79;51;63m.[38;2;58;38;48m.[38;2;39;23;32m.[38;2;34;23;31m [38;2;32;20;30m [38;2;31;19;30m [38;2;29;19;29m [38;2;26;18;27m [38;2;23;18;26m [38;2;20;18;27m [38;2;23;22;30m [38;2;24;23;30m [38;2;23;22;29m [38;2;23;23;30m [38;2;23;23;29m [38;2;24;23;29m [38;2;24;23;29m [38;2;24;23;28m [38;2;24;23;28m [38;2;23;22;27m [38;2;22;21;26m [38;2;22;21;26m [0m
[0m[38;2;42;46;57m.[38;2;42;46;57m.[38;2;42;45;57m.[38;2;42;45;57m.[38;2;41;45;57m.[38;2;41;45;57m.[38;2;41;44;56m.[38;2;43;44;56m.[38;2;43;43;55m.[38;2;43;43;53m.[38;2;44;44;55m.[38;2;52;53;66m.[38;2;52;54;68m.[38;2;59;59;73m.[38;2;50;49;63m.[38;2;60;59;73m.[38;2;60;60;74m.[38;2;61;60;74m.[38;2;62;59;73m.[38;2;63;59;71m.[38;2;110;98;109m:[38;2;214;202;213mK[38;2;221;209;221mK[38;2;223;210;222mX[38;2;224;211;223mX[38;2;224;212;224mX[38;2;224;213;224mX[38;2;223;213;224mX[38;2;223;212;224mX[38;2;222;211;222mX[38;2;167;155;165mx[38;2;108;95;105m:[38;2;105;92;104m;[38;2;140;127;139ml[38;2;204;192;203m0[38;2;150;136;147mo[38;2;106;91;103m;[38;2;100;84;97m;[38;2;97;82;94m;[38;2;66;54;65m.[38;2;32;22;32m [38;2;27;20;29m [38;2;26;18;29m [38;2;25;18;28m [38;2;20;18;28m [38;2;20;18;29m [38;2;20;19;29m [38;2;18;18;28m [38;2;21;21;30m [38;2;23;23;31m [38;2;22;21;29m [38;2;23;23;31m [38;2;24;24;32m [38;2;26;25;32m [38;2;26;25;30m [38;2;26;25;30m [38;2;26;25;30m [38;2;23;22;27m [38;2;22;21;26m [38;2;22;21;26m [0m
[0m[38;2;41;45;57m.[38;2;43;45;58m.[38;2;42;45;58m.[38;2;41;45;57m.[38;2;41;45;57m.[38;2;40;44;56m.[38;2;40;44;56m.[38;2;40;44;55m.[38;2;41;44;54m.[38;2;41;43;53m.[38;2;41;43;53m.[38;2;51;53;66m.[38;2;51;53;67m.[38;2;55;56;72m.[38;2;45;47;59m.[38;2;57;58;71m.[38;2;59;59;72m.[38;2;60;60;73m.[38;2;60;60;73m.[38;2;61;60;72m.[38;2;118;109;118mc[38;2;224;212;223mX[38;2;227;215;226mX[38;2;228;216;228mX[38;2;228;216;228mX[38;2;228;216;229mX[38;2;228;216;229mX[38;2;228;216;228mX[38;2;203;192;203m0[38;2;126;116;127mc[38;2;105;95;106m:[38;2;103;91;103m;[38;2;103;91;103m;[38;2;101;89;101m;[38;2;102;90;102m;[38;2;99;87;98m;[38;2;98;85;96m;[38;2;96;83;94m;[38;2;93;82;92m,[38;2;67;59;69m.[38;2;25;21;31m [38;2;23;20;29m [38;2;21;19;29m [38;2;21;18;27m [38;2;20;18;28m [38;2;19;18;29m [38;2;18;18;28m [38;2;18;18;28m [38;2;20;20;28m [38;2;23;23;31m [38;2;22;22;30m [38;2;23;23;31m [38;2;25;25;33m [38;2;26;27;34m [38;2;26;27;32m [38;2;26;28;31m [38;2;25;28;32m [38;2;25;25;31m [38;2;25;24;29m [38;2;24;24;28m [0m
[0m[38;2;41;45;56m.[38;2;42;45;57m.[38;2;42;45;58m.[38;2;41;45;56m.[38;2;41;45;56m.[38;2;40;44;56m.[38;2;40;44;56m.[38;2;40;44;56m.[38;2;41;45;56m.[38;2;38;45;53m.[38;2;40;46;55m.[38;2;52;55;67m.[38;2;51;53;65m.[38;2;50;52;66m.[38;2;42;44;56m.[38;2;52;54;66m.[38;2;56;57;69m.[38;2;56;58;71m.[38;2;58;58;71m.[38;2;60;59;72m.[38;2;110;102;111m:[38;2;214;203;215mK[38;2;228;217;228mX[38;2;228;218;230mX[38;2;227;218;232mX[38;2;227;218;232mX[38;2;228;218;231mX[38;2;228;217;229mX[38;2;227;215;227mX[38;2;173;162;174mx[38;2;118;108;119mc[38;2;107;95;107m:[38;2;103;92;103m;[38;2;99;89;100m;[38;2;99;88;99m;[38;2;97;87;96m;[38;2;95;84;94m;[38;2;93;82;93m,[38;2;92;82;92m,[38;2;69;61;70m'[38;2;22;20;29m [38;2;21;19;29m [38;2;20;18;28m [38;2;20;19;29m [38;2;19;18;29m [38;2;18;18;28m [38;2;18;18;28m [38;2;18;18;28m [38;2;18;18;27m [38;2;25;26;33m [38;2;23;24;30m [38;2;25;25;32m [38;2;26;26;31m [38;2;26;27;33m [38;2;26;29;34m [38;2;27;30;34m.[38;2;27;30;35m.[38;2;27;30;35m.[38;2;26;29;34m [38;2;26;28;35m [0m
[0m[38;2;43;46;57m.[38;2;43;46;57m.[38;2;42;47;58m.[38;2;41;45;56m.[38;2;41;46;56m.[38;2;42;46;57m.[38;2;42;46;57m.[38;2;42;47;57m.[38;2;41;46;56m.[38;2;38;44;53m.[38;2;44;50;60m.[38;2;47;49;61m.[38;2;53;54;66m.[38;2;45;49;60m.[38;2;36;41;52m.[38;2;50;53;65m.[38;2;52;54;65m.[38;2;56;56;68m.[38;2;55;57;69m.[38;2;55;57;68m.[38;2;104;98;107m:[38;2;189;179;190mO[38;2;228;218;229mX[38;2;227;218;231mX[38;2;227;219;232mX[38;2;227;219;231mX[38;2;227;219;232mX[38;2;218;211;223mK[38;2;188;180;190mO[38;2;167;158;169mx[38;2;148;141;151mo[38;2;107;98;109m:[38;2;99;90;101m;[38;2;99;88;100m;[38;2;99;87;99m;[38;2;96;86;96m;[38;2;93;83;94m;[38;2;92;82;93m,[38;2;91;81;91m,[38;2;62;56;66m.[38;2;21;20;29m [38;2;21;20;29m [38;2;21;19;30m [38;2;19;18;29m [38;2;18;18;28m  [38;2;18;18;28m [38;2;17;17;27m [38;2;16;17;25m [38;2;24;27;33m [38;2;24;27;32m [38;2;26;29;34m [38;2;26;29;34m [38;2;27;30;34m.[38;2;28;30;35m.[38;2;27;30;35m.[38;2;27;31;35m.[38;2;28;31;36m.[38;2;28;31;36m.[38;2;27;29;36m.[0m
[0m[38;2;47;51;61m.[38;2;46;51;60m.[38;2;45;52;61m.[38;2;46;52;60m.[38;2;47;52;62m.[38;2;47;52;62m.[38;2;48;53;62m.[38;2;47;53;62m.[38;2;43;49;59m.[38;2;39;45;56m.[38;2;46;50;62m.[38;2;45;47;60m.[38;2;51;54;66m.[38;2;39;44;55m.[38;2;33;40;50m.[38;2;47;50;63m.[38;2;50;52;65m.[38;2;54;55;67m.[38;2;53;55;67m.[38;2;51;53;65m.[38;2;49;50;57m.[38;2;118;111;120mc[38;2;220;209;220mK[38;2;227;218;230mX[38;2;227;218;231mX[38;2;226;218;231mX[38;2;226;218;231mX[38;2;217;208;221mK[38;2;215;206;217mK[38;2;171;162;173mx[38;2;161;152;163md[38;2;143;133;144mo[38;2;105;94;106m:[38;2;98;87;99m;[38;2;98;86;98m;[38;2;95;84;95m;[38;2;93;83;93m;[38;2;89;80;90m,[38;2;57;52;62m.[38;2;23;20;30m [38;2;21;19;30m [38;2;21;19;30m [38;2;19;18;29m [38;2;18;18;28m [38;2;17;17;27m [38;2;17;17;27m [38;2;18;18;28m [38;2;18;18;28m [38;2;16;17;26m [38;2;24;27;33m [38;2;29;32;37m.[38;2;31;34;39m.[38;2;32;35;40m.[38;2;33;36;41m.[38;2;33;37;41m.[38;2;35;37;42m.[38;2;35;38;43m.[38;2;36;38;43m.[38;2;34;37;42m.[38;2;33;36;41m.[0m
[0m[38;2;64;71;87m'[38;2;66;71;87m'[38;2;67;72;87m'[38;2;66;71;88m'[38;2;66;71;89m'[38;2;64;69;87m'[38;2;63;67;84m'[38;2;61;66;80m'[38;2;56;61;74m.[38;2;50;54;67m.[38;2;45;48;61m.[38;2;50;52;65m.[38;2;51;53;66m.[38;2;32;38;49m.[38;2;31;38;47m.[38;2;42;47;58m.[38;2;48;50;63m.[38;2;51;53;66m.[38;2;52;54;66m.[38;2;48;51;64m.[38;2;34;35;47m.[38;2;38;37;46m.[38;2;72;67;76m'[38;2;139;128;139ml[38;2;194;184;194mO[38;2;225;215;226mX[38;2;228;217;229mX[38;2;229;217;229mX[38;2;228;216;228mX[38;2;209;200;211mK[38;2;146;137;148mo[38;2;104;94;105m;[38;2;100;90;101m;[38;2;98;87;99m;[38;2;94;85;96m;[38;2;84;76;87m,[38;2;61;56;66m.[38;2;37;34;43m.[38;2;18;18;28m [38;2;18;18;28m [38;2;19;19;29m [38;2;18;18;28m [38;2;17;17;27m [38;2;16;17;27m [38;2;16;16;26m [38;2;17;18;27m [38;2;17;19;27m [38;2;19;19;28m [38;2;18;20;28m [38;2;26;28;37m [38;2;37;41;49m.[38;2;40;44;52m.[38;2;42;45;54m.[38;2;43;47;56m.[38;2;44;47;57m.[38;2;44;48;57m.[38;2;44;48;57m.[38;2;45;48;57m.[38;2;44;46;55m.[38;2;42;45;53m.[0m
[0m[38;2;161;173;188mk[38;2;161;173;187mk[38;2;161;174;187mk[38;2;162;174;189mk[38;2;162;174;188mk[38;2;161;173;187mk[38;2;159;170;184mk[38;2;154;164;178mx[38;2;142;151;166md[38;2;85;93;107m;[38;2;83;88;100m;[38;2;50;53;65m.[38;2;50;53;65m.[38;2;31;33;45m.[38;2;33;35;44m.[38;2;39;41;53m.[38;2;48;50;63m.[38;2;50;52;65m.[38;2;51;53;66m.[38;2;47;50;61m.[38;2;32;33;43m.[38;2;31;31;39m.[38;2;39;37;45m.[38;2;61;50;60m.[38;2;65;53;63m.[38;2;85;76;85m,[38;2;127;120;130ml[38;2;169;161;172mx[38;2;205;195;206m0[38;2;220;210;221mX[38;2;159;150;161md[38;2;101;91;102m;[38;2;89;81;91m,[38;2;69;63;73m'[38;2;49;45;54m.[38;2;41;38;47m.[38;2;55;49;59m.[38;2;27;26;35m [38;2;16;16;26m [38;2;17;17;27m [38;2;18;18;28m [38;2;18;18;28m [38;2;16;16;26m [38;2;15;17;24m [38;2;16;17;26m [38;2;16;17;26m [38;2;16;19;25m [38;2;18;22;26m [38;2;22;26;31m [38;2;51;56;63m.[38;2;99;107;118m:[38;2;122;129;143ml[38;2;126;133;146ml[38;2;127;134;147mo[38;2;128;135;148mo[38;2;128;136;148mo[38;2;126;135;147mo[38;2;125;134;146ml[38;2;124;132;144ml[38;2;122;129;142ml[0m
[0m[38;2;67;74;90m'[38;2;68;75;91m'[38;2;70;77;93m,[38;2;70;76;93m,[38;2;70;76;92m,[38;2;68;75;92m'[38;2;67;74;90m'[38;2;65;70;86m'[38;2;58;62;76m.[38;2;52;55;69m.[38;2;49;51;64m.[38;2;51;52;65m.[38;2;42;47;58m.[38;2;31;33;44m.[38;2;34;32;43m.[38;2;33;35;45m.[38;2;47;50;62m.[38;2;46;48;61m.[38;2;50;52;65m.[38;2;45;48;60m.[38;2;32;33;44m.[38;2;26;27;37m [38;2;32;31;39m.[38;2;55;41;54m.[38;2;58;44;57m.[38;2;58;44;57m.[38;2;57;46;58m.[38;2;48;41;51m.[38;2;46;42;51m.[38;2;57;54;63m.[38;2;56;52;61m.[38;2;46;43;52m.[38;2;42;40;48m.[38;2;54;50;60m.[38;2;74;67;78m'[38;2;51;42;52m.[38;2;56;48;58m.[38;2;16;16;24m [38;2;15;15;24m [38;2;16;16;25m [38;2;16;16;25m [38;2;16;16;26m [38;2;16;16;26m [38;2;16;16;24m [38;2;15;15;24m [38;2;16;16;25m [38;2;17;20;26m [38;2;18;21;26m [38;2;24;27;32m [38;2;52;58;66m.[38;2;72;81;90m,[38;2;107;115;128mc[38;2;112;122;135mc[38;2;115;125;139ml[38;2;118;127;142ml[38;2;120;129;145ml[38;2;121;130;146ml[38;2;121;131;146ml[38;2;122;131;146ml[38;2;121;131;145ml[0m
[0m[38;2;78;85;96m,[38;2;80;88;99m,[38;2;81;89;100m;[38;2;82;90;99m;[38;2;82;90;100m;[38;2;83;91;101m;[38;2;83;91;102m;[38;2;73;79;90m,[38;2;74;81;92m,[38;2;78;86;97m,[38;2;45;49;61m.[38;2;49;52;64m.[38;2;34;38;48m.[38;2;30;30;40m.[38;2;31;30;40m.[38;2;30;31;41m.[38;2;43;46;56m.[38;2;43;48;59m.[38;2;47;52;62m.[38;2;42;48;57m.[38;2;37;38;48m.[38;2;29;28;40m.[38;2;29;29;38m.[38;2;43;36;47m.[38;2;54;46;57m.[38;2;61;52;63m.[38;2;51;38;49m.[38;2;52;41;51m.[38;2;60;51;60m.[38;2;58;50;59m.[38;2;51;42;53m.[38;2;70;63;73m'[38;2;83;76;86m,[38;2;91;82;93m,[38;2;90;82;92m,[38;2;58;50;60m.[38;2;58;52;62m.[38;2;15;16;23m [38;2;15;15;23m [38;2;16;16;25m [38;2;15;17;25m [38;2;15;18;26m [38;2;15;17;25m [38;2;16;16;24m [38;2;14;14;22m [38;2;14;15;23m [38;2;17;19;26m [38;2;18;21;26m [38;2;21;24;28m [38;2;40;46;54m.[38;2;44;50;59m.[38;2;61;67;78m'[38;2;66;74;84m'[38;2;68;74;85m'[38;2;68;75;86m'[38;2;68;75;86m'[38;2;69;76;88m'[38;2;69;76;89m'[38;2;69;75;88m'[38;2;67;74;86m'[0m
[0m[38;2;98;107;116m:[38;2;102;111;120m:[38;2;103;112;121mc[38;2;105;114;123mc[38;2;106;115;124mc[38;2;106;115;124mc[38;2;99;110;119m:[38;2;72;81;92m,[38;2;107;120;129mc[38;2;69;77;89m,[38;2;46;49;62m.[38;2;37;42;54m.[38;2;30;32;42m.[38;2;29;28;40m.[38;2;27;27;39m [38;2;28;28;39m.[38;2;36;40;50m.[38;2;40;47;55m.[38;2;45;52;60m.[38;2;42;49;58m.[38;2;32;37;47m.[38;2;30;30;38m.[38;2;29;28;38m.[38;2;27;27;36m [38;2;27;30;36m.[38;2;35;35;44m.[38;2;34;32;40m.[38;2;36;32;39m.[38;2;45;40;48m.[38;2;58;53;63m.[38;2;41;32;43m.[38;2;60;52;63m.[38;2;91;82;93m,[38;2;90;80;91m,[38;2;65;58;66m.[38;2;39;35;42m.[38;2;42;39;46m.[38;2;18;19;24m [38;2;18;19;26m [38;2;16;17;26m [38;2;15;17;25m [38;2;15;16;24m [38;2;15;15;24m [38;2;14;14;22m [38;2;14;14;22m [38;2;14;15;22m [38;2;15;18;24m [38;2;17;20;25m [38;2;19;22;27m [38;2;64;76;84m'[38;2;127;140;147mo[38;2;97;111;120m:[38;2;150;166;174mx[38;2;150;167;175mx[38;2;152;168;176mx[38;2;150;167;174mx[38;2;151;168;176mx[38;2;155;171;179mx[38;2;150;167;175mx[38;2;145;163;170mx[0m
[0m[38;2;95;103;113m:[38;2;97;106;115m:[38;2;97;106;115m:[38;2;99;108;117m:[38;2;99;108;117m:[38;2;94;103;113m:[38;2;71;79;89m,[38;2;81;89;100m;[38;2;70;79;90m,[38;2;43;47;59m.[38;2;42;44;56m.[38;2;30;31;41m.[38;2;29;29;40m.[38;2;26;26;38m [38;2;27;27;39m [38;2;27;26;38m [38;2;29;32;41m.[38;2;37;44;54m.[38;2;43;49;58m.[38;2;44;48;58m.[38;2;35;37;48m.[38;2;30;28;39m.[38;2;30;28;39m.[38;2;28;27;37m [38;2;22;24;31m [38;2;24;27;33m [38;2;26;29;34m [38;2;26;29;34m [38;2;25;29;34m [38;2;25;27;34m [38;2;25;27;34m [38;2;31;31;39m.[38;2;35;35;42m.[38;2;30;30;37m.[38;2;21;22;30m [38;2;19;20;27m [38;2;21;22;29m [38;2;20;21;27m [38;2;17;19;25m [38;2;14;16;23m [38;2;15;15;23m [38;2;15;15;23m [38;2;14;14;22m [38;2;14;14;22m [38;2;13;12;20m [38;2;14;14;21m [38;2;13;15;22m [38;2;16;19;25m [38;2;18;21;26m [38;2;39;48;55m.[38;2;138;156;163md[38;2;85;98;104m;[38;2;147;164;172mx[38;2;148;166;174mx[38;2;145;163;171mx[38;2;147;164;173mx[38;2;149;166;175mx[38;2;148;165;174mx[38;2;146;163;171mx[38;2;142;160;167md[0m
[0m[38;2;70;78;93m,[38;2;69;76;92m,[38;2;71;77;94m,[38;2;73;80;97m,[38;2;70;77;93m,[38;2;72;78;96m,[38;2;72;77;96m,[38;2;71;77;95m,[38;2;65;71;89m'[38;2;51;56;73m.[38;2;29;33;45m.[38;2;32;34;44m.[38;2;31;33;44m.[38;2;30;32;42m.[38;2;29;29;39m.[38;2;26;25;37m [38;2;26;26;36m [38;2;38;41;52m.[38;2;34;41;50m.[38;2;41;44;56m.[38;2;31;36;46m.[38;2;28;30;40m.[38;2;26;27;36m [38;2;26;28;36m [38;2;26;28;34m [38;2;19;22;27m [38;2;22;25;30m [38;2;25;28;33m [38;2;25;28;33m [38;2;24;26;32m [38;2;23;23;31m [38;2;22;22;30m [38;2;20;20;28m [38;2;19;20;27m [38;2;20;20;28m [38;2;19;21;27m [38;2;18;21;27m [38;2;18;20;26m [38;2;18;17;25m [38;2;15;15;22m [38;2;14;14;22m [38;2;14;14;22m [38;2;14;14;22m [38;2;14;14;21m [38;2;12;12;18m [38;2;12;11;20m [38;2;13;13;20m [38;2;14;16;23m [38;2;16;19;26m [38;2;19;23;29m [38;2;90;106;114m:[38;2;78;89;96m,[38;2;115;133;141ml[38;2;126;142;150mo[38;2;131;147;153mo[38;2;132;148;155mo[38;2;129;146;154mo[38;2;126;144;152mo[38;2;124;143;150mo[38;2;123;141;149mo[0m
[0m[38;2;73;79;98m,[38;2;72;78;97m,[38;2;68;73;91m'[38;2;69;74;91m'[38;2;62;68;85m'[38;2;70;73;90m'[38;2;73;76;95m,[38;2;71;76;95m,[38;2;72;75;94m,[38;2;67;71;89m'[38;2;54;58;72m.[38;2;70;75;92m,[38;2;67;73;90m'[38;2;55;62;78m.[38;2;48;53;68m.[38;2;36;40;52m.[38;2;23;24;35m [38;2;27;28;39m [38;2;33;36;46m.[38;2;36;39;50m.[38;2;36;39;49m.[38;2;27;29;38m.[38;2;23;25;32m [38;2;20;24;30m [38;2;23;26;32m [38;2;24;26;32m [38;2;21;23;29m [38;2;20;22;29m [38;2;22;23;30m [38;2;23;24;31m [38;2;23;23;31m [38;2;22;22;30m [38;2;21;21;29m [38;2;15;19;24m [38;2;18;20;27m [38;2;19;22;27m [38;2;18;21;27m [38;2;18;19;26m [38;2;15;15;23m [38;2;15;15;22m [38;2;15;15;20m [38;2;15;14;20m [38;2;14;14;22m [38;2;14;14;22m [38;2;12;11;21m [38;2;12;10;21m [38;2;12;10;20m [38;2;13;12;20m [38;2;14;16;23m [38;2;15;19;25m [38;2;38;48;54m.[38;2;74;84;90m,[38;2;94;110;118m:[38;2;113;126;134ml[38;2;115;128;135ml[38;2;118;130;138ml[38;2;119;131;139ml[38;2;121;134;141ml[38;2;124;137;143mo[38;2;121;134;140ml[0m
[0m[38;2;71;77;96m,[38;2;72;76;95m,[38;2;72;76;95m,[38;2;65;70;88m'[38;2;69;72;89m'[38;2;69;71;90m'[38;2;72;75;94m,[38;2;68;71;89m'[38;2;70;71;90m'[38;2;66;69;88m'[38;2;56;61;77m.[38;2;60;65;80m'[38;2;53;58;72m.[38;2;55;57;71m.[38;2;53;56;71m.[38;2;34;36;48m.[38;2;22;23;30m [38;2;22;24;29m [38;2;25;26;33m [38;2;32;32;41m.[38;2;33;35;44m.[38;2;23;26;34m [38;2;23;28;34m [38;2;38;42;51m.[38;2;45;50;63m.[38;2;31;35;45m.[38;2;22;24;32m [38;2;22;23;30m [38;2;21;21;29m [38;2;21;21;29m [38;2;19;21;27m [38;2;17;19;26m [38;2;19;19;26m [38;2;18;21;26m [38;2;20;21;28m [38;2;18;21;27m [38;2;18;20;27m [38;2;19;20;27m [38;2;15;15;22m [38;2;14;14;21m [38;2;14;14;21m [38;2;14;14;22m [38;2;13;13;21m [38;2;13;13;21m [38;2;13;13;21m [38;2;14;15;23m [38;2;13;13;21m [38;2;12;11;19m [38;2;12;11;19m [38;2;14;14;22m [38;2;16;17;24m [38;2;29;35;41m.[38;2;87;100;108m;[38;2;99;109;116m:[38;2;100;110;116m:[38;2;99;110;116m:[38;2;99;110;116m:[38;2;99;110;116m:[38;2;98;108;115m:[38;2;99;109;116m:[0m
[0m[38;2;71;74;91m'[38;2;73;74;93m,[38;2;72;75;93m,[38;2;68;72;91m'[38;2;60;63;77m'[38;2;58;61;75m.[38;2;45;47;59m.[38;2;54;55;69m.[38;2;72;73;90m'[38;2;62;63;78m'[38;2;48;50;65m.[38;2;60;65;80m'[38;2;55;60;74m.[38;2;53;58;73m.[38;2;54;61;75m.[38;2;33;35;44m.[38;2;28;32;40m.[38;2;21;22;29m [38;2;19;22;27m [38;2;19;22;27m [38;2;22;24;30m [38;2;24;27;33m [38;2;17;20;26m [38;2;19;21;27m [38;2;28;31;38m.[38;2;46;51;60m.[38;2;50;56;69m.[38;2;39;44;55m.[38;2;30;35;45m.[38;2;22;25;32m [38;2;20;21;29m [38;2;21;21;29m [38;2;20;21;28m [38;2;18;22;27m [38;2;19;22;27m [38;2;19;22;27m [38;2;20;21;28m [38;2;19;18;25m [38;2;15;14;19m [38;2;15;14;20m [38;2;14;14;22m [38;2;13;12;21m [38;2;13;11;21m [38;2;13;13;22m [38;2;15;15;23m [38;2;18;18;27m [38;2;15;16;25m [38;2;15;15;25m [38;2;16;16;25m [38;2;17;18;25m [38;2;16;19;25m [38;2;16;20;25m [38;2;48;55;61m.[38;2;75;84;90m,[38;2;86;94;101m;[38;2;88;97;104m;[38;2;88;97;104m;[38;2;89;98;104m;[38;2;90;100;105m;[38;2;90;98;104m;[0m
[0m[38;2;53;55;66m.[38;2;72;74;91m'[38;2;62;68;85m'[38;2;65;70;86m'[38;2;50;55;68m.[38;2;46;49;61m.[38;2;29;30;39m.[38;2;48;50;62m.[38;2;66;68;83m'[38;2;41;43;56m.[38;2;54;57;70m.[38;2;52;56;69m.[38;2;59;63;78m.[38;2;64;69;86m'[38;2;46;51;64m.[38;2;54;59;72m.[38;2;49;55;68m.[38;2;38;43;54m.[38;2;19;22;29m [38;2;18;21;26m [38;2;17;20;25m [38;2;20;23;28m [38;2;20;21;28m [38;2;22;24;30m [38;2;20;23;29m [38;2;19;22;27m [38;2;37;41;49m.[38;2;59;64;80m'[38;2;37;42;50m.[38;2;35;38;46m.[38;2;30;33;40m.[38;2;25;27;34m [38;2;24;26;35m [38;2;28;32;40m.[38;2;30;33;40m.[38;2;31;34;42m.[38;2;26;26;33m [38;2;16;16;23m [38;2;15;14;21m [38;2;13;13;21m [38;2;13;11;21m [38;2;12;10;21m [38;2;13;11;21m [38;2;16;16;26m [38;2;14;15;23m [38;2;16;19;25m [38;2;16;19;23m [38;2;16;18;25m [38;2;16;17;25m [38;2;17;17;26m [38;2;17;20;26m [38;2;17;20;26m [38;2;18;21;26m [38;2;19;22;27m [38;2;25;28;34m [38;2;36;40;45m.[38;2;54;60;66m.[38;2;80;87;93m,[38;2;82;90;95m;[38;2;82;90;96m;[0m
[0m[38;2;36;40;52m.[38;2;68;71;86m'[38;2;60;65;82m'[38;2;39;41;51m.[38;2;46;51;62m.[38;2;33;33;43m.[38;2;47;49;60m.[38;2;52;55;67m.[38;2;40;44;53m.[38;2;51;56;69m.[38;2;60;65;80m'[38;2;67;72;90m'[38;2;67;72;90m'[38;2;64;68;85m'[38;2;52;56;70m.[38;2;62;67;83m'[38;2;57;62;80m.[38;2;55;61;76m.[38;2;48;52;67m.[38;2;23;26;33m [38;2;18;21;27m [38;2;18;21;26m [38;2;16;19;26m [38;2;21;24;30m [38;2;31;33;41m.[38;2;37;42;51m.[38;2;32;39;48m.[38;2;61;63;80m'[38;2;56;59;74m.[38;2;35;38;47m.[38;2;28;32;39m.[38;2;31;35;43m.[38;2;31;33;41m.[38;2;21;23;30m [38;2;17;17;25m [38;2;15;17;22m [38;2;14;15;22m [38;2;14;14;22m [38;2;14;14;22m [38;2;13;11;21m [38;2;12;10;21m [38;2;14;13;22m [38;2;15;14;19m [38;2;15;15;23m [38;2;12;12;20m [38;2;16;16;23m [38;2;16;18;24m [38;2;16;18;25m [38;2;17;17;24m [38;2;17;18;25m [38;2;18;18;27m [38;2;16;19;26m [38;2;16;19;24m [38;2;17;19;25m [38;2;16;17;24m [38;2;17;20;27m [38;2;17;20;26m [38;2;22;26;32m [38;2;60;68;73m'[38;2;72;80;86m,[0m
[0m[38;2;55;61;77m.[38;2;54;58;69m.[38;2;67;71;86m'[38;2;35;39;49m.[38;2;37;40;50m.[38;2;39;42;51m.[38;2;35;38;47m.[38;2;26;29;36m.[38;2;41;43;55m.[38;2;61;67;82m'[38;2;63;67;85m'[38;2;63;67;84m'[38;2;62;67;83m'[38;2;64;69;88m'[38;2;65;71;89m'[38;2;65;71;89m'[38;2;65;70;88m'[38;2;63;65;82m'[38;2;58;63;78m.[38;2;57;64;78m.[38;2;37;43;54m.[38;2;23;28;35m [38;2;37;41;51m.[38;2;30;33;42m.[38;2;31;34;43m.[38;2;38;42;51m.[38;2;41;45;55m.[38;2;38;43;53m.[38;2;49;53;63m.[38;2;34;37;46m.[38;2;25;28;35m [38;2;24;28;34m [38;2;20;24;30m [38;2;18;22;28m [38;2;18;21;27m [38;2;22;24;31m [38;2;22;24;31m [38;2;20;22;29m [38;2;15;15;23m [38;2;13;13;19m [38;2;16;16;22m [38;2;15;17;24m [38;2;16;19;24m [38;2;16;19;26m [38;2;15;15;23m [38;2;15;15;24m [38;2;17;17;25m [38;2;15;17;22m [38;2;16;17;21m [38;2;16;18;22m [38;2;16;18;24m [38;2;17;19;26m [38;2;17;19;24m [38;2;16;17;21m [38;2;17;18;24m [38;2;16;19;25m [38;2;16;19;25m [38;2;16;20;25m [38;2;20;26;31m [38;2;56;64;69m.[0m
[0m[38;2;47;49;60m.[38;2;49;53;66m.[38;2;56;60;72m.[38;2;41;45;57m.[38;2;23;23;31m [38;2;28;30;37m.[38;2;23;26;36m [38;2;45;47;60m.[38;2;62;64;80m'[38;2;67;69;86m'[38;2;67;69;87m'[38;2;67;69;88m'[38;2;67;68;88m'[38;2;64;66;82m'[38;2;62;63;79m'[38;2;62;64;82m'[38;2;61;64;83m'[38;2;60;64;82m'[38;2;58;64;79m'[38;2;46;52;66m.[38;2;37;41;51m.[38;2;43;47;57m.[38;2;40;45;55m.[38;2;44;49;59m.[38;2;36;41;50m.[38;2;40;44;54m.[38;2;53;59;72m.[38;2;53;59;75m.[38;2;45;50;65m.[38;2;33;37;48m.[38;2;26;29;38m [38;2;28;31;39m.[38;2;35;39;48m.[38;2;45;48;59m.[38;2;39;41;50m.[38;2;35;38;46m.[38;2;38;40;49m.[38;2;27;30;36m.[38;2;18;20;26m [38;2;20;24;31m [38;2;33;37;46m.[38;2;31;35;43m.[38;2;18;21;28m [38;2;17;20;26m [38;2;16;19;26m [38;2;15;17;24m [38;2;15;16;22m [38;2;16;15;20m [38;2;13;13;17m [38;2;16;16;21m [38;2;17;18;24m [38;2;18;19;23m [38;2;17;18;22m [38;2;15;16;20m [38;2;17;18;22m [38;2;17;19;22m [38;2;17;19;21m [38;2;18;19;21m [38;2;17;19;21m [38;2;35;41;46m.[0m
[0m[38;2;37;42;52m.[38;2;37;41;51m.[38;2;29;34;42m.[38;2;32;36;44m.[38;2;18;21;26m [38;2;20;23;29m [38;2;51;54;68m.[38;2;66;67;85m'[38;2;66;67;85m'[38;2;67;68;86m'[38;2;66;67;85m'[38;2;66;67;84m'[38;2;47;49;59m.[38;2;41;45;57m.[38;2;58;64;79m'[38;2;62;67;83m'[38;2;62;67;84m'[38;2;63;68;84m'[38;2;61;67;83m'[38;2;62;67;83m'[38;2;57;62;78m.[38;2;33;40;51m.[38;2;36;42;51m.[38;2;34;38;44m.[38;2;44;49;59m.[38;2;33;38;48m.[38;2;40;43;51m.[38;2;52;57;67m.[38;2;61;66;78m'[38;2;60;66;82m'[38;2;54;61;77m.[38;2;39;45;59m.[38;2;43;49;60m.[38;2;46;49;57m.[38;2;35;39;48m.[38;2;33;35;42m.[38;2;17;19;26m [38;2;21;25;33m [38;2;46;50;61m.[38;2;60;65;82m'[38;2;60;65;83m'[38;2;55;60;74m.[38;2;37;39;49m.[38;2;17;20;26m [38;2;17;20;26m [38;2;16;19;26m [38;2;15;17;24m [38;2;13;12;19m [38;2;14;13;18m [38;2;13;13;19m [38;2;16;18;24m [38;2;17;19;21m [38;2;15;15;19m [38;2;15;15;19m [38;2;17;18;21m [38;2;16;19;22m [38;2;16;19;21m [38;2;18;19;21m [38;2;17;19;21m [38;2;28;34;38m.[0m
